8.518572
20.858520
13.233945
8.902340
8.239355
7.570217
6.980498
6.223981
6.343535
5.797452
5.593377
5.250536
4.720683
4.310353
4.125167
4.288870
3.924151
3.922556
4.008545
3.613143
3.589007
3.407368
3.514447
3.577247
3.356275
3.142964
3.249233
3.486627
3.244254
3.162733
3.205555
3.132274
2.869339
2.975224
3.104452
2.794025
2.826295
2.986805
2.688757
2.647149
2.836683
2.653425
2.739545
2.395181
2.417873
2.669623
2.805920
2.599562
2.491451
2.412333
2.432973
2.547419
2.441243
2.544929
2.326275
2.323367
2.406477
2.314423
2.319451
2.364512
2.269088
2.237623
2.407416
2.181359
2.221829
2.198341
2.309179
2.156233
2.148359
2.221231
2.199845
2.180901
2.189212
2.013361
2.092305
2.138810
2.047719
2.100231
2.174605
2.061985
2.094733
2.028723
2.057370
1.948142
2.039582
2.111482
2.021889
2.085647
2.001556
2.010623
1.964801
1.953021
1.986315
2.001405
1.953208
2.085700
1.989281
2.002489
2.066209
1.849880
1.902760
1.870624
1.982262
2.024337
1.863732
1.895307
1.866737
2.036883
1.891400
1.920379
1.833223
1.954244
1.816165
1.832312
1.885851
1.834484
1.842896
1.864709
1.848766
1.869762
1.772538
1.910715
1.887286
1.836875
1.752818
1.824343
1.718646
1.790918
1.719171
1.757841
1.804756
1.761004
1.723784
1.704713
1.779604
1.693760
1.729627
1.728592
1.720681
1.674127
1.717906
1.689690
1.701970
1.704657
1.706036
1.682304
1.638013
1.709625
1.723444
1.719296
1.730190
1.701845
1.688034
1.633384
1.669939
1.731233
1.808066
1.681840
1.655575
1.705599
1.736916
1.711592
1.723794
1.671290
1.642543
1.648044
1.684687
1.640988
1.703489
1.650287
1.693909
1.637003
1.658002
1.646036
1.738812
1.662552
1.686126
1.702464
1.663375
1.714176
1.755889
1.639022
1.712643
1.751202
1.663129
1.818836
1.760381
1.749832
1.706411
1.715579
1.739759
1.692371
1.614497
1.694446
1.710356
1.772573
1.695330
1.648607
1.703240
1.715073
1.599602
1.648365
1.607497
1.577477
1.680987
1.670597
1.710480
1.695327
1.698991
1.567064
1.590592
1.625488
1.686850
1.692102
1.687195
1.624986
1.737084
1.715341
1.588664
1.662591
1.629519
1.606489
1.616915
1.625484
1.714469
1.673774
1.678579
1.581773
1.694167
1.680216
1.652829
1.629459
1.554411
1.676205
1.615198
1.727740
1.588573
1.587045
1.750101
1.686929
